HMMER3/f
NAME  alig
LENG  22
ALPH  amino
RF    yes
MM    yes
CONS  no
CS    no
MAP   yes
DATE  Tue Oct 24 14:04:18 2017
NSEQ  1199
HMM          A        C        D        E        F        G        H        I        K        L        M        N        P        Q        R        S        T        V        W        Y        
            m->m     m->i     m->d     i->m     i->i     d->m     d->d
          2.23950  2.66077  3.60123  2.97347  2.26634  2.28089  4.59196  4.13842  4.46412  3.10059  5.44495  3.38742  3.61611  2.86474  3.55184  1.93122  2.74494  3.83819  4.91041  2.69002
          0.00071  12.1962  7.25578  0.89948  0.52218  0.00000        *
      1   6.34955  0.01537  7.71128  7.08352  6.37639  6.39094  8.70201  8.24847  8.57417  7.21064  9.55500  7.49747  7.72616  6.97479  7.66189  6.04127  6.85499  7.94824  9.02046  6.80007      1 - x . -
          2.23950  2.66077  3.60123  2.97347  2.26634  2.28089  4.59196  4.13842  4.46412  3.10059  5.44495  3.38742  3.61611  2.86474  3.55184  1.93122  2.74494  3.83819  4.91041  2.69002
          0.05450  6.39696  2.96843  0.00440  5.42638  0.99620  0.46089
      2   0.04582  6.71948  7.65995  7.03218  6.32506  6.33960  8.65067  8.19714  8.52284  7.15930  9.50367  7.44613  7.67483  6.92345  7.61056  3.53105  6.22806  6.16629  8.96912  6.74873      3 - . m -
          2.23950  2.66077  3.60123  2.97347  2.26634  2.28089  4.59196  4.13842  4.46412  3.10059  5.44495  3.38742  3.61611  2.86474  3.55184  1.93122  2.74494  3.83819  4.91041  2.69002
          0.08095  12.1442  2.55418  0.89948  0.52218  4.31054  0.01351
      3   3.28328  5.75225  7.58091  4.57547  4.88678  3.67795  8.57164  5.77576  8.44380  5.91054  6.89258  5.23918  6.54510  6.84441  6.52215  0.22677  3.38400  3.30087  3.60304  5.50349      4 - x . -
          2.23950  2.66077  3.60123  2.97347  2.26634  2.28089  4.59196  4.13842  4.46412  3.10059  5.44495  3.38742  3.61611  2.86474  3.55184  1.93122  2.74494  3.83819  4.91041  2.69002
          0.00081  12.0640  7.12363  0.89948  0.52218  1.01467  0.45023
      4   5.06030  6.15005  6.09020  5.41071  6.29526  4.45633  8.62087  4.79259  5.19522  7.12950  6.94181  4.40901  3.86604  6.89365  2.46475  0.22014  3.58150  5.33259  8.93932  6.71893      5 - x . -
          2.23950  2.66077  3.60123  2.97347  2.26634  2.28089  4.59196  4.13842  4.46412  3.10059  5.44495  3.38742  3.61611  2.86474  3.55184  1.93122  2.74494  3.83819  4.91041  2.69002
          1.99479  12.1140  0.14623  0.89948  0.52218  4.74045  0.00877
      5   3.69966  4.78302  2.51191  3.50406  3.16159  4.00486  4.93345  4.84115  6.58638  1.48303  7.56721  4.60163  3.85450  1.74588  3.59772  1.86377  3.45311  2.59782  7.03267  2.88180      6 - x . -
          2.23950  2.66077  3.60123  2.97347  2.26634  2.28089  4.59196  4.13842  4.46412  3.10059  5.44495  3.38742  3.61611  2.86474  3.55184  1.93122  2.74494  3.83819  4.91041  2.69002
          0.11780  10.1248  2.19745  0.89948  0.52218  7.12327  0.00080
      6   3.20404  4.68231  1.33982  2.30773  3.89436  2.81519  1.91706  4.74043  6.48567  3.08569  7.46650  4.50091  2.41179  4.88628  5.57339  2.19000  4.19089  2.88540  6.93196  4.71156      7 - x . -
          2.23950  2.66077  3.60123  2.97347  2.26634  2.28089  4.59196  4.13842  4.46412  3.10059  5.44495  3.38742  3.61611  2.86474  3.55184  1.93122  2.74494  3.83819  4.91041  2.69002
          0.06749  2.83012  5.07296  0.81100  0.58773  0.00135  6.60302
      7   3.66760  5.41977  2.87828  3.32108  3.15312  3.34356  4.52536  3.14842  4.05035  1.59275  4.70007  5.20728  2.02725  2.99262  2.79400  2.29442  3.95797  2.74357  4.15362  2.69471     12 - x . -
          2.23950  2.66077  3.60123  2.97347  2.26634  2.28089  4.59196  4.13842  4.46412  3.10059  5.44495  3.38742  3.61611  2.86474  3.55184  1.93122  2.74494  3.83819  4.91041  2.69002
          0.00071  12.1962  7.25578  0.89948  0.52218  0.99620  0.46089
      8   2.12128  6.23119  3.42832  2.78799  3.96708  1.99353  5.28080  3.87423  3.76539  2.64102  5.69813  3.01685  3.68682  2.46969  2.47520  2.52184  2.62521  2.52664  4.52956  3.95486     13 - . m -
          2.23950  2.66077  3.60123  2.97347  2.26634  2.28089  4.59196  4.13842  4.46412  3.10059  5.44495  3.38742  3.61611  2.86474  3.55184  1.93122  2.74494  3.83819  4.91041  2.69002
          0.22015  12.1962  1.62150  0.89948  0.52218  0.99620  0.46089
      9   2.59734  6.55462  2.90905  3.94396  4.57965  1.44698  5.45387  8.03228  8.35798  3.63533  4.24438  4.61995  3.00725  2.55701  2.75325  2.33677  1.55068  6.00143  3.66483  3.82818     14 - . m -
          2.23950  2.66077  3.60123  2.97347  2.26634  2.28089  4.59196  4.13842  4.46412  3.10059  5.44495  3.38742  3.61611  2.86474  3.55184  1.93122  2.74494  3.83819  4.91041  2.69002
          0.00088  11.9769  7.03651  0.89948  0.52218  5.64036  0.00355
     10   2.76035  6.55462  3.81941  3.66981  5.26549  0.51619  8.48581  4.03779  5.71701  3.22858  9.33881  5.15335  4.08394  3.99147  3.07026  2.53417  3.69973  3.82476  6.12533  4.65340     15 - . m -
          2.23950  2.66077  3.60123  2.97347  2.26634  2.28089  4.59196  4.13842  4.46412  3.10059  5.44495  3.38742  3.61611  2.86474  3.55184  1.93122  2.74494  3.83819  4.91041  2.69002
          1.82512  11.9769  0.17578  0.89948  0.52218  5.64036  0.00355
     11   1.88440  4.81252  4.71195  3.75558  3.74291  2.37216  6.74372  3.47621  4.94024  2.59023  7.59671  3.60506  3.88400  3.51044  3.62723  2.44617  1.29130  2.80274  5.01000  3.15176     16 - . m -
          2.23950  2.66077  3.60123  2.97347  2.26634  2.28089  4.59196  4.13842  4.46412  3.10059  5.44495  3.38742  3.61611  2.86474  3.55184  1.93122  2.74494  3.83819  4.91041  2.69002
          0.00547  10.1573  5.21686  0.89948  0.52218  0.58111  0.81933
     12   1.86739  6.29571  4.18436  3.53861  5.00659  1.13333  6.44614  3.90159  4.97621  2.74089  4.22496  4.09098  3.65833  3.84938  2.85623  2.20106  2.46735  3.35615  8.54536  4.50751     17 - x . -
          2.23950  2.66077  3.60123  2.97347  2.26634  2.28089  4.59196  4.13842  4.46412  3.10059  5.44495  3.38742  3.61611  2.86474  3.55184  1.93122  2.74494  3.83819  4.91041  2.69002
          0.00115  11.7133  6.77291  0.89948  0.52218  0.26386  1.46133
     13   2.58244  6.14022  3.03427  4.93256  3.51607  2.16244  3.74895  3.45039  3.78676  3.68617  5.38825  1.62722  2.99775  3.91743  3.41549  2.08106  2.54563  3.66734  3.75106  2.76122     18 - x . -
          2.23950  2.66077  3.60123  2.97347  2.26634  2.28089  4.59196  4.13842  4.46412  3.10059  5.44495  3.38742  3.61611  2.86474  3.55184  1.93122  2.74494  3.83819  4.91041  2.69002
          0.01270  4.43554  7.16359  1.04590  0.43289  0.04197  3.19165
     14   4.15205  5.62219  2.12283  2.69632  4.61228  2.68395  4.14827  4.76933  5.93074  4.62674  6.36790  2.28565  5.22573  2.97393  5.82979  2.91519  2.02636  4.75857  5.95674  1.14397     25 - x . -
          2.23950  2.66077  3.60123  2.97347  2.26634  2.28089  4.59196  4.13842  4.46412  3.10059  5.44495  3.38742  3.61611  2.86474  3.55184  1.93122  2.74494  3.83819  4.91041  2.69002
          1.85512  12.1937  0.17012  0.89948  0.52218  1.83063  0.17472
     15   4.56188  4.98315  4.88257  3.70419  4.19520  1.12780  6.91434  6.46081  6.78651  5.42297  7.76734  0.62059  5.93850  5.18712  5.87423  3.54326  5.06732  6.16057  7.23280  4.10689     26 - x . -
          2.23950  2.66077  3.60123  2.97347  2.26634  2.28089  4.59196  4.13842  4.46412  3.10059  5.44495  3.38742  3.61611  2.86474  3.55184  1.93122  2.74494  3.83819  4.91041  2.69002
          1.98862  10.3431  0.14724  0.89948  0.52218  7.08754  0.00083
     16   1.77332  3.40270  4.34317  3.71540  3.00828  3.02282  5.33389  1.74720  5.20606  3.84252  6.18689  4.12935  4.35805  3.60667  4.29378  1.67088  1.89949  4.58012  5.65234  3.43195     27 - x . -
          2.23950  2.66077  3.60123  2.97347  2.26634  2.28089  4.59196  4.13842  4.46412  3.10059  5.44495  3.38742  3.61611  2.86474  3.55184  1.93122  2.74494  3.83819  4.91041  2.69002
          0.52229  8.38713  0.89989  0.89948  0.52218  7.23531  0.00072
     17   2.04740  3.13077  4.07123  2.35964  2.73634  1.51357  5.06196  4.60842  4.93412  3.57059  5.91495  3.85742  4.08611  3.33474  4.02184  2.40122  2.01060  4.30819  5.38041  3.16002     28 - x . -
          2.23950  2.66077  3.60123  2.97347  2.26634  2.28089  4.59196  4.13842  4.46412  3.10059  5.44495  3.38742  3.61611  2.86474  3.55184  1.93122  2.74494  3.83819  4.91041  2.69002
          0.05267  7.91751  2.97706  0.89948  0.52218  7.24376  0.00071
     18   2.70950  3.13077  1.11000  3.44347  2.73634  2.75089  5.06196  4.60842  4.93412  3.57059  5.91495  3.85742  4.08611  3.33474  4.02184  1.87661  3.21494  4.30819  5.38041  3.16002     29 - x . -
          2.23950  2.66077  3.60123  2.97347  2.26634  2.28089  4.59196  4.13842  4.46412  3.10059  5.44495  3.38742  3.61611  2.86474  3.55184  1.93122  2.74494  3.83819  4.91041  2.69002
          0.05267  7.91751  2.97706  0.89948  0.52218  0.00206  6.18437
     19   5.29173  6.76999  4.24015  0.75055  5.98204  1.93992  6.92043  3.91370  2.42998  5.74387  7.02213  4.17773  2.75420  3.36396  4.65625  6.04045  2.15418  5.61641  6.96747  6.24732     30 - . m -
          2.23950  2.66077  3.60123  2.97347  2.26634  2.28089  4.59196  4.13842  4.46412  3.10059  5.44495  3.38742  3.61611  2.86474  3.55184  1.93122  2.74494  3.83819  4.91041  2.69002
          0.00237  12.1954  6.04502  0.89948  0.52218  1.35702  0.29763
     20   2.20451  6.76835  7.70882  7.08106  3.31745  6.38847  8.69954  4.25152  8.57171  1.64416  4.38953  6.58696  5.59089  0.76448  6.15808  6.03881  5.43844  4.36696  9.01800  1.98918     31 - . m -
          2.23950  2.66077  3.60123  2.97347  2.26634  2.28089  4.59196  4.13842  4.46412  3.10059  5.44495  3.38742  3.61611  2.86474  3.55184  1.93122  2.74494  3.83819  4.91041  2.69002
          0.00071  12.1937  7.25328  0.89948  0.52218  0.31994  1.29531
     21   6.34955  6.77082  7.71128  7.08352  1.05823  6.39094  2.70883  3.09267  8.57417  7.21064  4.89901  7.49747  7.72616  6.97479  4.36022  4.81331  1.81105  4.30663  9.02046  1.11843     32 - . m -
          2.23950  2.66077  3.60123  2.97347  2.26634  2.28089  4.59196  4.13842  4.46412  3.10059  5.44495  3.38742  3.61611  2.86474  3.55184  1.93122  2.74494  3.83819  4.91041  2.69002
          0.00071  12.1962  7.25578  0.89948  0.52218  0.99620  0.46089
     22   6.34955  6.77082  7.71128  7.08352  0.01982  6.39094  8.70201  8.24847  8.57417  7.21064  9.55500  7.49747  7.72616  6.97479  7.66189  6.04127  6.85499  7.94824  5.28975  6.80007     33 - . m -
          2.23950  2.66077  3.60123  2.97347  2.26634  2.28089  4.59196  4.13842  4.46412  3.10059  5.44495  3.38742  3.61611  2.86474  3.55184  1.93122  2.74494  3.83819  4.91041  2.69002
          0.00000  12.1955        *  0.89948  0.52218  0.00000        *
//