HMMER3/f
NAME  alig
LENG  22
ALPH  amino
RF    yes
MM    yes
CONS  no
CS    no
MAP   yes
DATE  Tue Oct 31 12:16:45 2017
NSEQ  1844
HMM          A        C        D        E        F        G        H        I        K        L        M        N        P        Q        R        S        T        V        W        Y        
            m->m     m->i     m->d     i->m     i->i     d->m     d->d
          2.31957  2.62603  3.50797  2.89948  2.26866  2.21307  4.82164  4.04734  4.42426  3.02346  5.19854  3.30742  3.62203  2.84850  3.43173  1.98361  2.71892  3.67893  5.54919  2.92670
          0.00072  12.9367  7.22869  0.53280  0.88420  0.00000        *
      1   6.85432  0.01000  8.04272  7.43422  6.80340  6.74781  9.35639  8.58208  8.95901  7.55821  9.73328  7.84216  8.15677  7.38325  7.96648  6.51835  7.25367  8.21367  10.0839  7.46144      1 - x . -
          2.31957  2.62603  3.50797  2.89948  2.26866  2.21307  4.82164  4.04734  4.42426  3.02346  5.19854  3.30742  3.62203  2.84850  3.43173  1.98361  2.71892  3.67893  5.54919  2.92670
          0.46581  12.9367  0.98786  0.53280  0.88420  0.60726  0.78710
      2   0.01544  6.70102  7.58296  6.97447  6.34364  6.28805  8.89663  8.12233  8.49925  7.09845  9.27352  7.38241  7.69702  6.92349  7.50672  6.05860  6.79391  7.75392  9.62418  7.00169      2 - x . -
          2.31957  2.62603  3.50797  2.89948  2.26866  2.21307  4.82164  4.04734  4.42426  3.02346  5.19854  3.30742  3.62203  2.84850  3.43173  1.98361  2.71892  3.67893  5.54919  2.92670
          0.04972  12.4721  3.02607  0.53280  0.88420  6.24245  0.00194
      3   5.64503  5.78527  7.53510  4.61582  6.29579  5.20037  8.84878  4.43139  8.45139  6.34349  9.22567  5.70586  7.64916  6.87563  7.45886  0.08968  3.57864  7.70606  4.37826  6.95383      3 - x . -
          2.31957  2.62603  3.50797  2.89948  2.26866  2.21307  4.82164  4.04734  4.42426  3.02346  5.19854  3.30742  3.62203  2.84850  3.43173  1.98361  2.71892  3.67893  5.54919  2.92670
          0.00121  12.4236  6.71553  0.53280  0.88420  0.00961  4.64970
      4   2.01800  7.15755  8.03949  7.43100  6.40589  4.94800  9.35316  4.51420  8.95578  6.84787  9.73006  5.36023  8.15355  7.38002  3.75113  0.23713  4.11548  4.66476  10.0807  7.45822      4 - x . -
          2.31957  2.62603  3.50797  2.89948  2.26866  2.21307  4.82164  4.04734  4.42426  3.02346  5.19854  3.30742  3.62203  2.84850  3.43173  1.98361  2.71892  3.67893  5.54919  2.92670
          3.62329  12.9335  0.02706  0.53280  0.88420  1.84205  0.17255
      5   3.51349  3.81995  4.70189  4.09340  2.78625  3.40699  6.01556  5.24126  3.97481  4.21738  6.39245  4.50134  4.81595  3.42018  3.21637  2.14177  2.99001  0.67796  6.74311  4.12062      5 - x . -
          2.31957  2.62603  3.50797  2.89948  2.26866  2.21307  4.82164  4.04734  4.42426  3.02346  5.19854  3.30742  3.62203  2.84850  3.43173  1.98361  2.71892  3.67893  5.54919  2.92670
          0.02698  9.33722  3.62913  0.53280  0.88420  7.20234  0.00074
      6   2.40352  3.81995  4.70189  3.05791  2.56650  3.40699  6.01556  5.24126  5.61818  3.51027  6.39245  4.50134  4.81595  0.68835  2.89585  3.17753  3.91284  3.78086  6.74311  4.12062      6 - x . -
          2.31957  2.62603  3.50797  2.89948  2.26866  2.21307  4.82164  4.04734  4.42426  3.02346  5.19854  3.30742  3.62203  2.84850  3.43173  1.98361  2.71892  3.67893  5.54919  2.92670
          0.02698  9.33722  3.62913  0.53280  0.88420  0.00062  7.38218
      7   1.75603  7.16077  3.95815  2.53936  3.52189  3.36867  4.68783  4.56782  5.02579  1.85382  5.12259  6.52536  2.51628  2.32560  3.73170  2.72031  3.23566  1.98723  5.03911  3.76761      7 - x . -
          2.31957  2.62603  3.50797  2.89948  2.26866  2.21307  4.82164  4.04734  4.42426  3.02346  5.19854  3.30742  3.62203  2.84850  3.43173  1.98361  2.71892  3.67893  5.54919  2.92670
          0.00506  12.9367  5.28772  0.53280  0.88420  0.60726  0.78710
      8   3.16990  6.28858  2.61647  3.03640  4.74928  1.51936  5.20761  3.96089  4.47030  2.59912  4.43012  4.00772  2.82085  4.42795  1.72815  2.34018  2.86918  3.40706  3.96861  4.34515      8 - x . -
          2.31957  2.62603  3.50797  2.89948  2.26866  2.21307  4.82164  4.04734  4.42426  3.02346  5.19854  3.30742  3.62203  2.84850  3.43173  1.98361  2.71892  3.67893  5.54919  2.92670
          0.00073  12.9324  7.22435  0.53280  0.88420  2.05423  0.13718
      9   2.62115  5.28045  2.13893  3.67388  4.34525  1.51936  5.70792  3.73408  4.67896  2.78148  5.21260  3.11057  3.02044  2.72085  2.82891  2.38013  2.35388  3.62410  4.95526  5.57011      9 - x . -
          2.31957  2.62603  3.50797  2.89948  2.26866  2.21307  4.82164  4.04734  4.42426  3.02346  5.19854  3.30742  3.62203  2.84850  3.43173  1.98361  2.71892  3.67893  5.54919  2.92670
          0.43342  12.9324  1.04493  0.53280  0.88420  2.05423  0.13718
     10   2.31953  6.20338  3.41956  3.40697  3.87674  1.18166  5.45723  4.43466  5.11880  2.86466  6.35145  2.99190  3.23691  2.81950  2.44778  2.41854  2.83121  3.34875  5.69281  5.69437     10 - x . -
          2.31957  2.62603  3.50797  2.89948  2.26866  2.21307  4.82164  4.04734  4.42426  3.02346  5.19854  3.30742  3.62203  2.84850  3.43173  1.98361  2.71892  3.67893  5.54919  2.92670
          0.00112  12.5001  6.79205  0.53280  0.88420  6.19341  0.00204
     11   2.12879  6.72867  3.64524  3.05355  4.69422  1.20070  8.92428  4.86306  4.44234  3.03840  4.25868  4.82293  3.52787  4.31592  3.52472  2.18021  2.14030  2.60408  5.69281  3.63040     11 - x . -
          2.31957  2.62603  3.50797  2.89948  2.26866  2.21307  4.82164  4.04734  4.42426  3.02346  5.19854  3.30742  3.62203  2.84850  3.43173  1.98361  2.71892  3.67893  5.54919  2.92670
          0.00280  6.39013  6.79205  0.69281  0.69347  0.28161  1.40471
     12   2.85611  6.54574  2.97944  3.37855  4.44155  1.01071  5.47207  3.93369  5.11446  3.57010  9.64353  2.57526  3.12947  4.29836  2.92279  2.50805  2.37612  3.46095  6.70941  3.56804     14 - . m -
          2.31957  2.62603  3.50797  2.89948  2.26866  2.21307  4.82164  4.04734  4.42426  3.02346  5.19854  3.30742  3.62203  2.84850  3.43173  1.98361  2.71892  3.67893  5.54919  2.92670
          1.26370  12.8462  0.33213  0.53280  0.88420  4.79698  0.00828
     13   2.44211  5.83283  4.17449  3.79549  3.36527  1.67871  3.62527  3.86560  7.63106  2.94549  8.40533  3.65840  3.13287  4.38468  2.68662  1.72802  1.97834  3.59947  4.39789  3.10825     15 - . m -
          2.31957  2.62603  3.50797  2.89948  2.26866  2.21307  4.82164  4.04734  4.42426  3.02346  5.19854  3.30742  3.62203  2.84850  3.43173  1.98361  2.71892  3.67893  5.54919  2.92670
          1.08198  11.5853  0.41390  0.53280  0.88420  6.93090  0.00097
     14   2.41690  4.81768  3.46477  3.77614  2.98252  2.34321  5.03804  3.19277  3.35646  3.11136  2.77949  3.44128  3.47637  5.04015  3.29327  1.40886  2.45829  3.93319  7.74084  2.87767     16 - x . -
          2.31957  2.62603  3.50797  2.89948  2.26866  2.21307  4.82164  4.04734  4.42426  3.02346  5.19854  3.30742  3.62203  2.84850  3.43173  1.98361  2.71892  3.67893  5.54919  2.92670
          0.57319  10.5116  0.82953  0.53280  0.88420  7.13752  0.00079
     15   3.08867  4.32164  2.96873  4.59509  3.28794  2.58876  3.92074  5.74295  3.24686  3.60189  3.94442  5.00303  5.31764  4.54411  2.96029  3.36921  2.10216  3.77305  3.96003  0.95197     17 - x . -
          2.31957  2.62603  3.50797  2.89948  2.26866  2.21307  4.82164  4.04734  4.42426  3.02346  5.19854  3.30742  3.62203  2.84850  3.43173  1.98361  2.71892  3.67893  5.54919  2.92670
          0.17920  1.89891  4.24484  0.00022  8.40563  0.05324  2.95944
     16   6.80483  7.11129  2.59366  3.32053  6.35963  1.86354  4.69838  5.80401  8.90952  3.32253  9.68379  1.10302  5.76997  3.06024  5.94485  3.53454  2.39760  8.16419  7.40605  1.73456     19 - x . -
          2.31957  2.62603  3.50797  2.89948  2.26866  2.21307  4.82164  4.04734  4.42426  3.02346  5.19854  3.30742  3.62203  2.84850  3.43173  1.98361  2.71892  3.67893  5.54919  2.92670
          1.71590  12.8868  0.19821  0.53280  0.88420  4.23333  0.01461
     17   4.20546  4.91315  1.59454  0.92457  5.08106  5.02547  7.63405  6.85975  7.23667  5.83587  8.01094  6.11983  6.43443  2.04326  5.30942  2.98965  2.53785  6.49134  8.36160  2.40456     20 - x . -
          2.31957  2.62603  3.50797  2.89948  2.26866  2.21307  4.82164  4.04734  4.42426  3.02346  5.19854  3.30742  3.62203  2.84850  3.43173  1.98361  2.71892  3.67893  5.54919  2.92670
          0.00424  11.1752  5.46712  0.53280  0.88420  0.01056  4.55520
     18   4.47948  7.15269  5.49436  0.88370  6.11899  2.25874  9.34831  3.87566  2.15064  6.14296  3.34631  6.20540  2.65076  4.87207  5.15715  5.61264  1.66641  4.65991  10.0758  6.79414     21 - . m -
          2.31957  2.62603  3.50797  2.89948  2.26866  2.21307  4.82164  4.04734  4.42426  3.02346  5.19854  3.30742  3.62203  2.84850  3.43173  1.98361  2.71892  3.67893  5.54919  2.92670
          0.03290  12.9286  3.43069  0.53280  0.88420  0.06631  2.74638
     19   2.47521  7.12916  8.01111  7.40261  5.87572  6.71620  7.34952  2.95186  8.92740  1.43514  9.70167  7.81055  4.57923  0.71990  5.46460  6.48674  6.65777  5.99368  7.42393  2.19520     22 - x . -
          2.31957  2.62603  3.50797  2.89948  2.26866  2.21307  4.82164  4.04734  4.42426  3.02346  5.19854  3.30742  3.62203  2.84850  3.43173  1.98361  2.71892  3.67893  5.54919  2.92670
          0.01086  5.18723  5.25584  0.95535  0.48560  3.80855  0.02243
     20   6.40711  7.12472  8.00667  7.39817  1.03912  6.71176  2.64114  2.81834  8.92296  7.52216  7.38962  5.74832  8.12072  6.34429  7.93043  5.11939  1.86566  5.47886  10.0478  1.08249     28 - x . -
          2.31957  2.62603  3.50797  2.89948  2.26866  2.21307  4.82164  4.04734  4.42426  3.02346  5.19854  3.30742  3.62203  2.84850  3.43173  1.98361  2.71892  3.67893  5.54919  2.92670
          0.00075  12.9004  7.19233  0.53280  0.88420  0.01650  4.11265
     21   6.85432  7.16077  8.04272  7.43422  0.01237  6.74781  9.35639  8.58208  8.95901  7.55821  9.73328  7.84216  8.15677  7.38325  7.96648  6.51835  7.25367  8.21367  5.90560  7.46144     29 - x . -
          2.31957  2.62603  3.50797  2.89948  2.26866  2.21307  4.82164  4.04734  4.42426  3.02346  5.19854  3.30742  3.62203  2.84850  3.43173  1.98361  2.71892  3.67893  5.54919  2.92670
          6.36352  12.9367  0.00172  0.53280  0.88420  0.60726  0.78710
     22   2.31957  2.62603  3.50797  2.89947  2.26865  2.21306  4.82164  4.04734  4.42426  3.02346  5.19853  3.30742  3.62202  2.84850  3.43173  1.98361  2.71892  3.67893  5.54919  2.92670     30 - x . -
          2.31957  2.62603  3.50797  2.89948  2.26866  2.21307  4.82164  4.04734  4.42426  3.02346  5.19854  3.30742  3.62203  2.84850  3.43173  1.98361  2.71892  3.67893  5.54919  2.92670
          0.00139  6.57466        *  0.53280  0.88420  0.00000        *
//