HMMER3/f
NAME  alig
LENG  35
ALPH  amino
RF    yes
MM    yes
CONS  no
CS    no
MAP   yes
DATE  Thu Nov 16 14:38:13 2017
NSEQ  298143
HMM          A        C        D        E        F        G        H        I        K        L        M        N        P        Q        R        S        T        V        W        Y        
            m->m     m->i     m->d     i->m     i->i     d->m     d->d
          2.23178  2.62806  3.61749  3.22947  2.30328  2.24258  4.68010  3.80278  3.74880  2.92281  4.91218  3.18077  3.61941  3.01914  3.17845  2.15403  2.69152  3.39649  5.21446  2.99447
          0.00000  23.1579  13.1876  2.17793  0.12022  0.00000        *
      1   12.1248  0.00011  13.5105  13.1225  12.1963  12.1356  14.5731  13.6958  13.6418  12.8158  14.8052  13.0738  13.5124  12.9121  13.0714  12.0470  12.5845  13.2895  15.1075  9.50897      1 - x . -
          2.23178  2.62806  3.61749  3.22947  2.30328  2.24258  4.68010  3.80278  3.74880  2.92281  4.91218  3.18077  3.61941  3.01914  3.17845  2.15403  2.69152  3.39649  5.21446  2.99447
          0.00987  23.1579  4.62241  2.17793  0.12022  1.70166  0.20135
      2   0.22770  8.87219  7.89874  9.07164  8.98508  4.45492  10.7858  3.60164  13.6319  4.45275  10.0792  8.89003  7.65984  12.9023  13.0616  2.10445  6.57033  3.56308  15.0976  12.8776      2 - x . -
          2.23178  2.62806  3.61749  3.22947  2.30328  2.24258  4.68010  3.80278  3.74880  2.92281  4.91218  3.18077  3.61941  3.01914  3.17845  2.15403  2.69152  3.39649  5.21446  2.99447
          0.00000  23.1480  13.1777  2.17793  0.12022  8.56607  0.00019
      3   1.97460  6.01214  6.06717  4.10984  4.29203  3.31756  6.68581  3.93219  7.12335  2.94814  4.00271  6.48223  4.64974  6.76127  5.22486  0.83574  2.99789  1.77069  4.46136  4.20685      3 - x . -
          2.23178  2.62806  3.61749  3.22947  2.30328  2.24258  4.68010  3.80278  3.74880  2.92281  4.91218  3.18077  3.61941  3.01914  3.17845  2.15403  2.69152  3.39649  5.21446  2.99447
          0.06243  23.1480  2.80470  2.17793  0.12022  0.65215  0.73589
      4   3.61890  5.86882  3.80566  3.55916  5.00614  2.85671  5.05974  3.98822  3.80554  3.88150  4.47733  3.43236  3.77765  4.08127  1.93610  0.71870  3.05785  4.11011  5.70626  5.12402      4 - x . -
          2.23178  2.62806  3.61749  3.22947  2.30328  2.24258  4.68010  3.80278  3.74880  2.92281  4.91218  3.18077  3.61941  3.01914  3.17845  2.15403  2.69152  3.39649  5.21446  2.99447
          0.00010  9.23343  13.1208  2.44069  0.09113  10.4487  0.00002
      5   2.80666  6.80480  2.71236  2.79372  3.29355  2.37473  4.28448  3.59597  3.60160  2.07553  4.60339  3.74678  2.33951  2.86802  2.51708  2.45451  3.08769  3.10026  4.52309  3.44601     22 - . m -
          2.23178  2.62806  3.61749  3.22947  2.30328  2.24258  4.68010  3.80278  3.74880  2.92281  4.91218  3.18077  3.61941  3.01914  3.17845  2.15403  2.69152  3.39649  5.21446  2.99447
          0.00000  23.0911  13.1208  2.17793  0.12022  10.4487  0.00002
      6   2.61842  7.16897  2.84652  3.29576  3.90463  1.59215  4.52189  3.90529  4.14976  2.89846  4.62264  3.11010  2.79986  3.10780  2.40470  2.31851  2.58217  3.23447  4.34583  3.53668     23 - . m -
          2.23178  2.62806  3.61749  3.22947  2.30328  2.24258  4.68010  3.80278  3.74880  2.92281  4.91218  3.18077  3.61941  3.01914  3.17845  2.15403  2.69152  3.39649  5.21446  2.99447
          3.67750  23.0911  0.02561  2.17793  0.12022  10.4487  0.00002
      7   8.38236  8.77864  9.76807  9.38004  2.28950  8.39316  3.32081  2.15587  2.95878  0.93437  3.42996  1.92750  9.76998  9.16972  9.32903  8.30461  8.84210  2.09855  11.3650  9.14505     24 - . m -
          2.23178  2.62806  3.61749  3.22947  2.30328  2.24258  4.68010  3.80278  3.74880  2.92281  4.91218  3.18077  3.61941  3.01914  3.17845  2.15403  2.69152  3.39649  5.21446  2.99447
          0.00007  19.4137  9.44338  2.17793  0.12022  13.1637  0.00000
      8   1.14692  5.18947  9.76807  9.38004  3.30609  8.39316  10.8306  2.94609  3.18983  2.19986  11.0627  9.33135  9.76998  9.16972  9.32903  1.69602  1.86993  9.54706  11.3650  2.33054     25 - . m -
          2.23178  2.62806  3.61749  3.22947  2.30328  2.24258  4.68010  3.80278  3.74880  2.92281  4.91218  3.18077  3.61941  3.01914  3.17845  2.15403  2.69152  3.39649  5.21446  2.99447
          0.00007  19.4137  9.44338  2.17793  0.12022  0.40039  1.10882
      9   2.68129  7.32840  3.22530  3.65627  4.17439  1.26600  4.87556  4.40327  4.35674  3.27087  5.03527  3.26614  2.98638  2.92547  2.40447  2.25507  2.37980  3.74295  4.39051  3.70081     26 - . m -
          2.23178  2.62806  3.61749  3.22947  2.30328  2.24258  4.68010  3.80278  3.74880  2.92281  4.91218  3.18077  3.61941  3.01914  3.17845  2.15403  2.69152  3.39649  5.21446  2.99447
          0.00000  22.7691  12.7988  2.17793  0.12022  0.42975  1.05172
     10   2.56315  7.25086  3.42120  3.76427  4.10281  1.10198  5.10004  4.51701  4.69075  3.25872  4.93795  2.85796  3.42381  3.18265  2.64459  2.22771  2.57737  3.51555  4.76642  3.84634     27 - . m -
          2.23178  2.62806  3.61749  3.22947  2.30328  2.24258  4.68010  3.80278  3.74880  2.92281  4.91218  3.18077  3.61941  3.01914  3.17845  2.15403  2.69152  3.39649  5.21446  2.99447
          0.83383  23.0385  0.56983  2.17793  0.12022  11.0031  0.00001
     11   2.37704  7.13893  3.74715  3.97277  4.00130  1.12918  5.04753  4.24669  4.50717  3.16857  4.85306  3.14564  3.35717  3.42361  2.82935  1.96481  2.62676  3.46675  4.95056  3.89002     28 - . m -
          2.23178  2.62806  3.61749  3.22947  2.30328  2.24258  4.68010  3.80278  3.74880  2.92281  4.91218  3.18077  3.61941  3.01914  3.17845  2.15403  2.69152  3.39649  5.21446  2.99447
          0.70620  22.2047  0.68025  2.17793  0.12022  12.7006  0.00000
     12   2.44987  6.65000  3.79988  4.01931  3.82525  1.26209  4.93933  4.03158  4.38782  3.03491  4.74922  3.10890  3.30688  3.80652  2.89175  1.72072  2.64455  3.41840  4.82601  3.75598     29 - . m -
          2.23178  2.62806  3.61749  3.22947  2.30328  2.24258  4.68010  3.80278  3.74880  2.92281  4.91218  3.18077  3.61941  3.01914  3.17845  2.15403  2.69152  3.39649  5.21446  2.99447
          0.74480  21.4985  0.64402  2.17793  0.12022  12.9766  0.00000
     13   2.53529  6.11549  3.76788  4.03840  3.72266  1.32719  4.80234  3.91011  4.16127  3.00556  4.45525  3.06023  3.29861  4.00891  2.94442  1.65177  2.71092  3.40865  4.70754  3.55503     30 - . m -
          2.23178  2.62806  3.61749  3.22947  2.30328  2.24258  4.68010  3.80278  3.74880  2.92281  4.91218  3.18077  3.61941  3.01914  3.17845  2.15403  2.69152  3.39649  5.21446  2.99447
          0.80706  20.7537  0.59089  2.17793  0.12022  13.0929  0.00000
     14   2.60883  6.90596  3.85587  3.97515  3.57403  1.43470  4.69539  3.77803  4.19914  2.99004  4.53011  3.12008  3.26099  3.98600  2.80634  1.54487  2.73388  3.49890  4.60552  3.47041     31 - . m -
          2.23178  2.62806  3.61749  3.22947  2.30328  2.24258  4.68010  3.80278  3.74880  2.92281  4.91218  3.18077  3.61941  3.01914  3.17845  2.15403  2.69152  3.39649  5.21446  2.99447
          0.84457  19.9467  0.56166  2.17793  0.12022  13.1464  0.00000
     15   2.72735  5.68576  4.04797  4.01515  3.58044  1.52426  4.57672  3.90869  3.89470  2.96537  4.43626  3.10316  3.10706  4.24676  2.80210  1.47051  2.76240  3.34677  4.59734  3.40728     32 - . m -
          2.23178  2.62806  3.61749  3.22947  2.30328  2.24258  4.68010  3.80278  3.74880  2.92281  4.91218  3.18077  3.61941  3.01914  3.17845  2.15403  2.69152  3.39649  5.21446  2.99447
          0.86732  19.1023  0.54485  2.17793  0.12022  13.1701  0.00000
     16   2.66295  4.96611  3.51433  3.97513  3.53318  1.60005  4.99454  3.76235  4.18676  2.85859  4.40152  3.33686  3.18727  4.11852  2.47164  1.54376  2.90679  3.42063  4.12518  3.37512     33 - . m -
          2.23178  2.62806  3.61749  3.22947  2.30328  2.24258  4.68010  3.80278  3.74880  2.92281  4.91218  3.18077  3.61941  3.01914  3.17845  2.15403  2.69152  3.39649  5.21446  2.99447
          0.87426  18.2352  0.53985  2.17793  0.12022  13.1803  0.00000
     17   2.61626  6.11596  3.85707  4.04211  3.50721  1.74650  4.64890  3.67887  5.14466  3.24159  3.61803  3.16124  3.22892  3.84709  2.64094  1.46698  2.41240  3.52558  4.33884  3.27654     34 - . m -
          2.23178  2.62806  3.61749  3.22947  2.30328  2.24258  4.68010  3.80278  3.74880  2.92281  4.91218  3.18077  3.61941  3.01914  3.17845  2.15403  2.69152  3.39649  5.21446  2.99447
          0.74540  17.3615  0.64348  2.17793  0.12022  13.1845  0.00000
     18   2.72205  4.28728  3.42185  4.09384  4.05321  1.63758  8.06203  3.48235  2.98326  3.04833  5.27091  3.08603  2.93185  3.60197  2.55962  1.63680  2.83340  3.38128  8.59639  3.38326     35 - . m -
          2.23178  2.62806  3.61749  3.22947  2.30328  2.24258  4.68010  3.80278  3.74880  2.92281  4.91218  3.18077  3.61941  3.01914  3.17845  2.15403  2.69152  3.39649  5.21446  2.99447
          0.70463  16.6174  0.68178  2.17793  0.12022  13.1861  0.00000
     19   2.58949  3.92202  3.50262  3.15564  5.01228  1.79303  4.82209  3.93356  2.26982  2.97251  4.41832  2.94626  3.30030  3.88815  2.70270  2.17090  2.74596  3.04635  3.82816  3.20241     36 - . m -
          2.23178  2.62806  3.61749  3.22947  2.30328  2.24258  4.68010  3.80278  3.74880  2.92281  4.91218  3.18077  3.61941  3.01914  3.17845  2.15403  2.69152  3.39649  5.21446  2.99447
          0.33449  15.9154  1.25772  2.17793  0.12022  13.1869  0.00000
     20   2.76937  5.02827  6.01769  4.03139  2.60861  1.81481  7.08030  4.32862  6.14900  2.41325  7.31238  2.79924  3.59049  4.02297  2.65317  1.40207  2.35407  5.79669  7.61466  3.07173     37 - . m -
          2.23178  2.62806  3.61749  3.22947  2.30328  2.24258  4.68010  3.80278  3.74880  2.92281  4.91218  3.18077  3.61941  3.01914  3.17845  2.15403  2.69152  3.39649  5.21446  2.99447
          0.68567  15.5846  0.70067  2.17793  0.12022  13.1871  0.00000
     21   2.62428  3.51655  3.31789  5.02366  2.95399  2.04488  6.47429  5.59697  5.54299  2.45272  6.70637  3.67311  3.86494  4.81333  2.42148  1.63966  1.83717  5.19068  2.70982  4.78866     38 - . m -
          2.23178  2.62806  3.61749  3.22947  2.30328  2.24258  4.68010  3.80278  3.74880  2.92281  4.91218  3.18077  3.61941  3.01914  3.17845  2.15403  2.69152  3.39649  5.21446  2.99447
          0.35831  14.9061  1.20014  2.17793  0.12022  13.1873  0.00000
     22   2.57727  3.07858  5.12098  3.18168  3.80677  2.22774  6.18359  5.30627  2.08428  3.38032  6.41567  3.38241  2.97537  3.08843  1.94603  2.98252  2.85507  2.45730  6.71795  2.73445     39 - x . -
          2.23178  2.62806  3.61749  3.22947  2.30328  2.24258  4.68010  3.80278  3.74880  2.92281  4.91218  3.18077  3.61941  3.01914  3.17845  2.15403  2.69152  3.39649  5.21446  2.99447
          0.67767  14.5580  0.70886  2.17793  0.12022  13.1874  0.00000
     23   2.02378  3.63633  4.62576  4.23773  3.31154  1.79934  5.68836  4.81104  2.77623  1.24676  5.92044  4.18904  2.98412  2.64489  4.18672  3.16230  3.69979  4.40475  6.22273  4.00274     40 - x . -
          2.23178  2.62806  3.61749  3.22947  2.30328  2.24258  4.68010  3.80278  3.74880  2.92281  4.91218  3.18077  3.61941  3.01914  3.17845  2.15403  2.69152  3.39649  5.21446  2.99447
          0.20395  13.9002  1.69011  2.17793  0.12022  13.1875  0.00000
     24   3.11954  3.51582  4.50525  4.11723  3.19104  1.81139  2.46086  4.69054  2.65573  3.81058  5.79994  4.06853  4.50717  2.71606  4.06621  1.31558  2.43155  4.28425  6.10222  3.88223     41 - x . -
          2.23178  2.62806  3.61749  3.22947  2.30328  2.24258  4.68010  3.80278  3.74880  2.92281  4.91218  3.18077  3.61941  3.01914  3.17845  2.15403  2.69152  3.39649  5.21446  2.99447
          0.21506  13.7200  1.64241  2.17793  0.12022  13.1875  0.00000
     25   3.00269  3.39897  4.38839  4.00037  3.07418  1.72089  5.45100  2.28307  4.51970  3.69372  5.68308  3.95168  4.39031  3.79005  3.94935  2.10594  3.46242  1.33407  5.98536  3.76538     42 - x . -
          2.23178  2.62806  3.61749  3.22947  2.30328  2.24258  4.68010  3.80278  3.74880  2.92281  4.91218  3.18077  3.61941  3.01914  3.17845  2.15403  2.69152  3.39649  5.21446  2.99447
          0.14081  13.5337  2.02991  2.17793  0.12022  13.1875  0.00000
     26   2.93832  3.33460  4.32402  3.93600  3.00981  2.94912  5.38663  1.28953  4.45533  2.08523  5.61871  3.88731  4.32594  3.72567  3.88498  2.04157  2.25032  4.10302  5.92099  3.70101     43 - x . -
          2.23178  2.62806  3.61749  3.22947  2.30328  2.24258  4.68010  3.80278  3.74880  2.92281  4.91218  3.18077  3.61941  3.01914  3.17845  2.15403  2.69152  3.39649  5.21446  2.99447
          0.03210  13.4250  3.45472  2.17793  0.12022  0.02443  3.72387
     27   2.20932  6.62122  3.08069  4.41869  3.73452  1.57548  4.77594  4.57188  4.21387  3.66259  6.00409  1.83027  3.67473  3.78462  3.25119  2.54935  2.18241  3.80152  5.33290  2.61464     44 - x . -
          2.23178  2.62806  3.61749  3.22947  2.30328  2.24258  4.68010  3.80278  3.74880  2.92281  4.91218  3.18077  3.61941  3.01914  3.17845  2.15403  2.69152  3.39649  5.21446  2.99447
          0.00000  23.1335  13.1632  2.17793  0.12022  9.46378  0.00007
     28   4.03019  6.74983  2.24399  2.85105  4.26131  2.02941  4.76357  6.01195  6.11331  5.21010  7.31609  1.66303  5.22904  2.34773  3.32439  2.71271  2.42092  5.14577  6.26071  1.81418     45 - x . -
          2.23178  2.62806  3.61749  3.22947  2.30328  2.24258  4.68010  3.80278  3.74880  2.92281  4.91218  3.18077  3.61941  3.01914  3.17845  2.15403  2.69152  3.39649  5.21446  2.99447
          0.00000  23.1335  13.1632  2.17793  0.12022  9.46378  0.00007
     29   3.59606  10.5554  4.09345  1.17148  11.0327  2.47947  8.41971  3.79116  1.46988  9.64291  4.62096  3.53042  2.65253  3.08210  3.60171  12.0226  2.25426  3.83900  9.00794  12.8630     46 - x . -
          2.23178  2.62806  3.61749  3.22947  2.30328  2.24258  4.68010  3.80278  3.74880  2.92281  4.91218  3.18077  3.61941  3.01914  3.17845  2.15403  2.69152  3.39649  5.21446  2.99447
          3.62178  23.1335  0.02709  2.17793  0.12022  9.46378  0.00007
     30   8.48029  8.87657  9.86600  9.47798  7.28357  8.49109  7.62039  10.0512  9.99731  9.17133  11.1606  9.42928  9.86792  9.26765  9.42696  8.40254  0.00277  9.64500  11.4629  9.24298     47 - x . -
          2.23178  2.62806  3.61749  3.22947  2.30328  2.24258  4.68010  3.80278  3.74880  2.92281  4.91218  3.18077  3.61941  3.01914  3.17845  2.15403  2.69152  3.39649  5.21446  2.99447
          0.00007  19.5118  9.54149  2.17793  0.12022  0.00444  5.41819
     31   2.37096  7.79424  8.58704  7.95931  3.28530  7.76568  7.79467  3.56360  7.87548  1.00628  4.00084  8.83654  4.56606  1.12597  6.52762  4.50880  4.48668  4.30305  7.91571  2.49736     48 - x . -
          2.23178  2.62806  3.61749  3.22947  2.30328  2.24258  4.68010  3.80278  3.74880  2.92281  4.91218  3.18077  3.61941  3.01914  3.17845  2.15403  2.69152  3.39649  5.21446  2.99447
          7.61478  23.1536  0.00049  2.17793  0.12022  7.74344  0.00043
     32   4.59335  4.98963  3.05769  3.02892  2.56698  1.29251  2.01624  6.16434  3.11469  2.98122  7.27374  5.54234  5.98097  5.38071  3.56652  4.51560  5.05309  5.75805  1.42385  5.35604     49 - x . -
          2.23178  2.62806  3.61749  3.22947  2.30328  2.24258  4.68010  3.80278  3.74880  2.92281  4.91218  3.18077  3.61941  3.01914  3.17845  2.15403  2.69152  3.39649  5.21446  2.99447
          1.59405  15.5426  0.22702  2.17793  0.12022  13.1871  0.00000
     33   2.63012  3.68290  1.17286  4.28430  2.53575  1.53075  5.73493  4.85761  2.86581  3.97765  5.96701  4.23561  4.67424  4.07398  2.83178  3.20887  3.74635  4.45132  6.26929  4.04931     50 - x . -
          2.23178  2.62806  3.61749  3.22947  2.30328  2.24258  4.68010  3.80278  3.74880  2.92281  4.91218  3.18077  3.61941  3.01914  3.17845  2.15403  2.69152  3.39649  5.21446  2.99447
          0.16427  2.01650  3.99682  0.94636  0.49127  0.00017  8.64915
     34   5.25576  8.60408  7.40868  9.99937  1.45955  8.41534  2.71021  2.21649  13.6416  5.09367  4.91539  4.98812  8.18109  8.85505  3.98641  4.41778  1.49458  2.99616  11.1012  1.34630     55 - x . -
          2.23178  2.62806  3.61749  3.22947  2.30328  2.24258  4.68010  3.80278  3.74880  2.92281  4.91218  3.18077  3.61941  3.01914  3.17845  2.15403  2.69152  3.39649  5.21446  2.99447
          0.00009  9.55438  10.4746  1.92389  0.15786  4.54901  0.01063
     35   12.1246  5.25325  13.5103  13.1223  0.01616  12.1354  14.5729  13.6956  13.6416  12.8156  14.8050  13.0736  13.5122  12.9119  13.0713  12.0468  12.5843  13.2893  4.53132  12.8873     71 - x . -
          2.23178  2.62806  3.61749  3.22947  2.30328  2.24258  4.68010  3.80278  3.74880  2.92281  4.91218  3.18077  3.61941  3.01914  3.17845  2.15403  2.69152  3.39649  5.21446  2.99447
          0.00000  23.1577        *  2.17793  0.12022  0.00000        *
//